2 0.22767857142857142 0.0873015873015873 0.3392857142857143 0.1746031746031746
2 0.10044642857142858 0.2698412698412698 0.20089285714285715 0.2698412698412698
2 0.25 0.31746031746031744 0.33035714285714285 0.1746031746031746
2 0.6183035714285714 0.12301587301587301 0.28125 0.21428571428571427
2 0.9084821428571429 0.10317460317460317 0.18303571428571427 0.20634920634920634
2 0.7924107142857143 0.23412698412698413 0.24553571428571427 0.24603174603174602
2 0.28348214285714285 0.6468253968253969 0.28125 0.23015873015873015
2 0.4799107142857143 0.5317460317460317 0.20089285714285715 0.19047619047619047
2 0.5267857142857143 0.32142857142857145 0.25892857142857145 0.2619047619047619
2 0.5959821428571429 0.8015873015873016 0.27232142857142855 0.2222222222222222
2 0.859375 0.753968253968254 0.2544642857142857 0.2698412698412698