5 0.4867549668874172 0.13053097345132744 0.2052980132450331 0.09734513274336283
5 0.20198675496688742 0.21349557522123894 0.17218543046357615 0.11283185840707964
5 0.8460264900662252 0.08185840707964602 0.2152317880794702 0.11061946902654868
5 0.5927152317880795 0.22013274336283187 0.2185430463576159 0.09513274336283185
5 0.3658940397350993 0.2345132743362832 0.2152317880794702 0.09734513274336283
5 0.039735099337748346 0.3561946902654867 0.07947019867549669 0.0752212389380531
5 0.6307947019867549 0.10287610619469026 0.15562913907284767 0.07743362831858407
5 0.5960264900662252 0.04092920353982301 0.2251655629139073 0.08185840707964602
5 0.7433774834437086 0.2179203539823009 0.3211920529801324 0.1172566371681416
5 0.3824503311258278 0.2975663716814159 0.19536423841059603 0.07300884955752213
5 0.2251655629139073 0.3606194690265487 0.19205298013245034 0.10176991150442478
5 0.6109271523178808 0.36283185840707965 0.28807947019867547 0.15486725663716813
5 0.18211920529801323 0.547566371681416 0.19205298013245034 0.06858407079646017
5 0.5778145695364238 0.5188053097345132 0.3344370860927152 0.10398230088495575
5 0.7599337748344371 0.39601769911504425 0.31456953642384106 0.09292035398230089
5 0.8791390728476821 0.2920353982300885 0.24172185430463577 0.08849557522123894
5 0.8377483443708609 0.5486725663716814 0.32450331125827814 0.1415929203539823
5 0.44039735099337746 0.6460176991150443 0.32450331125827814 0.12389380530973451
5 0.33774834437086093 0.7367256637168141 0.3443708609271523 0.09734513274336283
5 0.7086092715231788 0.6438053097345132 0.33774834437086093 0.09734513274336283
5 0.8443708609271523 0.7267699115044248 0.31125827814569534 0.12168141592920353