8 0.23523206751054854 0.18624161073825504 0.18354430379746836 0.13087248322147652
8 0.6761603375527426 0.11577181208053691 0.2510548523206751 0.13758389261744966
8 0.669831223628692 0.3859060402684564 0.1877637130801688 0.11409395973154363
8 0.13291139240506328 0.7181208053691275 0.19831223628691982 0.2080536912751678
8 0.6065400843881856 0.8171140939597316 0.002109704641350211 0.003355704697986577
8 0.05168776371308017 0.41946308724832215 0.10337552742616034 0.18791946308724833
8 0.47468354430379744 0.13926174496644295 0.0970464135021097 0.2785234899328859
8 0.75 0.8171140939597316 0.23417721518987342 0.14429530201342283
8 0.37236286919831224 0.37583892617449666 0.17088607594936708 0.1476510067114094
8 0.9335443037974683 0.39429530201342283 0.13291139240506328 0.1174496644295302
8 0.9620253164556962 0.6778523489932886 0.0759493670886076 0.28187919463087246
8 0.4409282700421941 0.6593959731543624 0.07172995780590717 0.20469798657718122
8 0.4778481012658228 0.7634228187919463 0.002109704641350211 0.003355704697986577