9 0.116751269035533 0.7306451612903225 0.2131979695431472 0.13225806451612904
9 0.1383248730964467 0.4612903225806452 0.21065989847715735 0.1032258064516129
9 0.19035532994923857 0.5564516129032258 0.2233502538071066 0.0935483870967742
9 0.27411167512690354 0.6532258064516129 0.2436548223350254 0.12580645161290321
9 0.350253807106599 0.8419354838709677 0.2182741116751269 0.0967741935483871
9 0.5380710659898477 0.7693548387096775 0.16243654822335024 0.12580645161290321
9 0.43147208121827413 0.33548387096774196 0.2233502538071066 0.11612903225806452
9 0.5596446700507615 0.2532258064516129 0.20558375634517767 0.1064516129032258
9 0.44923857868020306 0.4403225806451613 0.18781725888324874 0.11935483870967742
9 0.6294416243654822 0.5209677419354839 0.2182741116751269 0.1064516129032258
9 0.7106598984771574 0.6080645161290322 0.2182741116751269 0.11290322580645161
9 0.6852791878172588 0.3870967741935484 0.18274111675126903 0.10967741935483871
9 0.751269035532995 0.782258064516129 0.18274111675126903 0.11290322580645161
9 0.8629441624365483 0.7483870967741936 0.17258883248730963 0.12258064516129032
9 0.8921319796954315 0.16451612903225807 0.20558375634517767 0.0967741935483871
9 0.8096446700507615 0.4645161290322581 0.19289340101522842 0.12258064516129032
9 0.9302030456852792 0.5612903225806452 0.13959390862944163 0.0967741935483871