0 0.07666666666666666 0.875 0.15333333333333332 0.25
0 0.14333333333333334 0.9675 0.24666666666666667 0.065
0 0.11 0.5925 0.22 0.275
0 0.19666666666666666 0.2875 0.23333333333333334 0.245
0 0.32666666666666666 0.3575 0.24666666666666667 0.165
0 0.345 0.4425 0.20333333333333334 0.225
0 0.515 0.69 0.27 0.15
0 0.4533333333333333 0.405 0.14 0.2
0 0.5633333333333334 0.3525 0.12666666666666668 0.165
0 0.6483333333333333 0.385 0.07 0.1
0 0.895 0.4025 0.21 0.135
0 0.9166666666666666 0.4825 0.16666666666666666 0.185
0 0.82 0.6775 0.34 0.195
0 0.8983333333333333 0.8125 0.20333333333333334 0.195
0 0.6283333333333333 0.8625 0.23 0.175
0 0.5733333333333334 0.5275 0.22 0.155
0 0.905 0.965 0.19 0.07