0 0.5795454545454546 0.48423423423423423 0.16414141414141414 0.17567567567567569
0 0.8547979797979798 0.11936936936936937 0.09343434343434344 0.0945945945945946
0 0.15782828282828282 0.13963963963963963 0.06818181818181818 0.07207207207207207
0 0.29545454545454547 0.16216216216216217 0.09595959595959595 0.0990990990990991
0 0.04924242424242424 0.2702702702702703 0.09848484848484848 0.12612612612612611
0 0.15404040404040403 0.49774774774774777 0.14646464646464646 0.21171171171171171
0 0.25126262626262624 0.918918918918919 0.17424242424242425 0.16216216216216217
0 0.5252525252525253 0.7027027027027027 0.1111111111111111 0.13513513513513514
0 0.702020202020202 0.7252252252252253 0.16161616161616163 0.17117117117117117
0 0.8926767676767676 0.7747747747747747 0.13383838383838384 0.10810810810810811
0 0.7209595959595959 0.4436936936936937 0.06818181818181818 0.11261261261261261
0 0.45707070707070707 0.4752252252252252 0.10606060606060606 0.12162162162162163
0 0.27146464646464646 0.2972972972972973 0.07323232323232323 0.0990990990990991
0 0.351010101010101 0.25 0.10606060606060606 0.0945945945945946
0 0.6603535353535354 0.24774774774774774 0.14393939393939395 0.12612612612612611
0 0.7878787878787878 0.831081081081081 0.05555555555555555 0.15765765765765766
0 0.4217171717171717 0.25675675675675674 0.045454545454545456 0.10810810810810811
0 0.48484848484848486 0.1554054054054054 0.07575757575757576 0.13063063063063063
0 0.15025252525252525 0.0518018018018018 0.11868686868686869 0.0945945945945946
0 0.7436868686868687 0.36711711711711714 0.07323232323232323 0.06756756756756757
0 0.9090909090909091 0.3108108108108108 0.050505050505050504 0.11711711711711711
0 0.6553030303030303 0.02927927927927928 0.08838383838383838 0.05855855855855856