0 0.9571428571428572 0.3629032258064516 0.08571428571428572 0.16666666666666666
0 0.6767857142857143 0.8387096774193549 0.29642857142857143 0.17204301075268819
0 0.9089285714285714 0.6317204301075269 0.18214285714285713 0.16666666666666666
0 0.9017857142857143 0.5053763440860215 0.19642857142857142 0.10752688172043011
0 0.7071428571428572 0.5376344086021505 0.2714285714285714 0.21505376344086022
0 0.3339285714285714 0.3736559139784946 0.24642857142857144 0.16666666666666666
0 0.15 0.553763440860215 0.2714285714285714 0.17204301075268819
0 0.17142857142857143 0.728494623655914 0.29285714285714287 0.1989247311827957
0 0.2785714285714286 0.9704301075268817 0.32142857142857145 0.05913978494623656
0 0.3821428571428571 0.6424731182795699 0.2857142857142857 0.1774193548387097
0 0.1 0.23118279569892472 0.2 0.21505376344086022