0 0.8016666666666666 0.28761061946902655 0.19666666666666666 0.13274336283185842
0 0.9666666666666667 0.21902654867256638 0.06666666666666667 0.10176991150442478
0 0.9033333333333333 0.4646017699115044 0.19333333333333333 0.12389380530973451
0 0.98 0.5862831858407079 0.04 0.14601769911504425
0 0.8883333333333333 0.7168141592920354 0.22333333333333333 0.1592920353982301
0 0.7516666666666667 0.668141592920354 0.17 0.13274336283185842
0 0.9616666666666667 0.8362831858407079 0.07666666666666666 0.12389380530973451
0 0.935 0.9623893805309734 0.13 0.0752212389380531
0 0.8016666666666666 0.9690265486725663 0.19666666666666666 0.061946902654867256
0 0.5983333333333334 0.9513274336283186 0.23666666666666666 0.09734513274336283
0 0.30666666666666664 0.9668141592920354 0.26666666666666666 0.06637168141592921
0 0.44 0.8362831858407079 0.24 0.1415929203539823
0 0.5966666666666667 0.7256637168141593 0.18666666666666668 0.12389380530973451
0 0.5133333333333333 0.5929203539823009 0.21333333333333335 0.12389380530973451
0 0.615 0.48008849557522126 0.24333333333333335 0.14601769911504425
0 0.20833333333333334 0.5420353982300885 0.27 0.12831858407079647
0 0.056666666666666664 0.577433628318584 0.11333333333333333 0.15486725663716813
0 0.12666666666666668 0.8783185840707964 0.24666666666666667 0.15486725663716813
0 0.043333333333333335 0.21460176991150443 0.08666666666666667 0.11946902654867257
0 0.10833333333333334 0.3185840707964602 0.21666666666666667 0.1415929203539823
0 0.28 0.2013274336283186 0.19333333333333333 0.11061946902654868
0 0.7583333333333333 0.14601769911504425 0.13666666666666666 0.09734513274336283
0 0.635 0.2610619469026549 0.13666666666666666 0.10619469026548672
0 0.45 0.413716814159292 0.15333333333333332 0.11946902654867257
0 0.4166666666666667 0.3053097345132743 0.14666666666666667 0.09734513274336283
0 0.013333333333333334 0.084070796460177 0.02666666666666667 0.07964601769911504
0 0.04 0.4469026548672566 0.08 0.13274336283185842
0 0.30833333333333335 0.6880530973451328 0.23 0.13716814159292035
0 0.25333333333333335 0.0752212389380531 0.12 0.08849557522123894