9 0.21964285714285714 0.14603960396039603 0.33214285714285713 0.14356435643564355
9 0.13392857142857142 0.2698019801980198 0.26785714285714285 0.12376237623762376
9 0.3410714285714286 0.21534653465346534 0.26785714285714285 0.16336633663366337
9 0.125 0.5470297029702971 0.25 0.22277227722772278
9 0.1375 0.6089108910891089 0.275 0.12871287128712872
9 0.375 0.5247524752475248 0.32142857142857145 0.2079207920792079
9 0.1982142857142857 0.7648514851485149 0.31785714285714284 0.2524752475247525
9 0.48928571428571427 0.7351485148514851 0.29285714285714287 0.2722772277227723
9 0.6053571428571428 0.9282178217821783 0.29642857142857143 0.14356435643564355
9 0.6125 0.7772277227722773 0.3464285714285714 0.21782178217821782
9 0.7696428571428572 0.801980198019802 0.28214285714285714 0.13861386138613863
9 0.7375 0.3465346534653465 0.30357142857142855 0.26732673267326734
9 0.7071428571428572 0.15346534653465346 0.42142857142857143 0.21782178217821782