0 0.7126436781609196 0.17537313432835822 0.09195402298850575 0.15671641791044777
0 0.7586206896551724 0.2798507462686567 0.11494252873563218 0.20149253731343283
0 0.6853448275862069 0.5447761194029851 0.1235632183908046 0.16417910447761194
0 0.6997126436781609 0.914179104477612 0.10632183908045977 0.17164179104477612
0 0.4425287356321839 0.9029850746268657 0.08620689655172414 0.16417910447761194
0 0.5272988505747126 0.5485074626865671 0.10632183908045977 0.20149253731343283
0 0.5818965517241379 0.16417910447761194 0.08908045977011494 0.14925373134328357
0 0.646551724137931 0.27238805970149255 0.08045977011494253 0.1417910447761194
0 0.15517241379310345 0.7686567164179104 0.10344827586206896 0.13432835820895522
0 0.20114942528735633 0.4253731343283582 0.09770114942528736 0.14925373134328357
0 0.2471264367816092 0.5522388059701493 0.09195402298850575 0.16417910447761194
0 0.3275862068965517 0.4291044776119403 0.09195402298850575 0.12686567164179105
0 0.37212643678160917 0.6231343283582089 0.11206896551724138 0.1417910447761194
0 0.3117816091954023 0.8582089552238806 0.09482758620689655 0.14925373134328357