9 0.018333333333333333 0.15773809523809523 0.03666666666666667 0.18452380952380953
9 0.09333333333333334 0.03273809523809524 0.10666666666666667 0.06547619047619048
9 0.195 0.13690476190476192 0.13 0.14285714285714285
9 0.3416666666666667 0.03273809523809524 0.13 0.06547619047619048
9 0.49166666666666664 0.21726190476190477 0.17 0.125
9 0.635 0.1636904761904762 0.18333333333333332 0.18452380952380953
9 0.35833333333333334 0.32142857142857145 0.15666666666666668 0.19047619047619047
9 0.14833333333333334 0.41369047619047616 0.14333333333333334 0.17261904761904762
9 0.19166666666666668 0.5773809523809523 0.14333333333333334 0.20238095238095238
9 0.525 0.6428571428571429 0.13 0.14285714285714285
9 0.6966666666666667 0.40773809523809523 0.2 0.18452380952380953
9 0.7866666666666666 0.7678571428571429 0.14666666666666667 0.13095238095238096
9 0.9116666666666666 0.13095238095238096 0.17666666666666667 0.13095238095238096