0 0.4764705882352941 0.13414634146341464 0.11176470588235295 0.24390243902439024
0 0.8058823529411765 0.19817073170731708 0.17647058823529413 0.2621951219512195
0 0.975 0.36585365853658536 0.05 0.24390243902439024
0 0.9382352941176471 0.5396341463414634 0.12352941176470589 0.27439024390243905
0 0.8691176470588236 0.9146341463414634 0.26176470588235295 0.17073170731707318
0 0.9161764705882353 0.7408536585365854 0.14411764705882352 0.16463414634146342
0 0.5470588235294118 0.8475609756097561 0.13529411764705881 0.3048780487804878
0 0.5485294117647059 0.5579268292682927 0.3088235294117647 0.42073170731707316
0 0.7235294117647059 0.5823170731707317 0.1588235294117647 0.27439024390243905
0 0.5558823529411765 0.2896341463414634 0.16470588235294117 0.27439024390243905
0 0.3426470588235294 0.15548780487804878 0.09705882352941177 0.31097560975609756
0 0.22058823529411764 0.14329268292682926 0.052941176470588235 0.21341463414634146
0 0.2823529411764706 0.625 0.11764705882352941 0.21341463414634146
0 0.22205882352941175 0.9237804878048781 0.06764705882352941 0.1524390243902439
0 0.19411764705882353 0.801829268292683 0.052941176470588235 0.1402439024390244
0 0.18823529411764706 0.6402439024390244 0.058823529411764705 0.1951219512195122
0 0.3926470588235294 0.8658536585365854 0.12058823529411765 0.2682926829268293
0 0.029411764705882353 0.5152439024390244 0.058823529411764705 0.22560975609756098